111122 11 1 1 2 2 4800 6871.51111111111 
121933 12 1 9 3 3 3650 7512.91304347826 
39825 3 9 8 2 5 4550 7212.60674157303 
144552 14 4 5 5 2 2700 8623.05405405405 
113745 11 3 7 4 5 3650 6789.58536585366 
115733 11 5 7 3 3 3800 6856.25 
83313 8 3 3 1 3 5000 6189.50442477876 
109132 10 9 1 3 2 4000 6506.36170212766 
65944 6 5 9 4 4 3850 5483.36923076923 
39241 3 9 2 4 1 4800 6506.70707070707 
48552 4 8 5 5 2 4150 5592.48837209302 
76631 7 6 6 3 1 4800 5606.72727272727 
58911 5 8 9 1 1 5050 5430.453125 
66741 6 6 7 4 1 4050 5410.248 
135331 13 5 3 3 1 3600 8526.78 
144723 14 4 7 2 3 3000 9155.53846153846 
63334 6 3 3 3 4 4600 4998.64885496183 
88311 8 8 3 1 1 4400 6246.30555555556 
114545 11 4 5 4 5 3650 6950.12790697674 
89833 8 9 8 3 3 3550 6668.01020408163 
61535 6 1 5 3 5 4800 5060.76 
92822 9 2 8 2 2 4250 6097.15315315315 
29941 2 9 9 4 1 4900 6321.85294117647 
144545 14 4 5 4 5 2650 9315.54285714286 
85744 8 5 7 4 4 4000 6070.69026548673 
149135 14 9 1 3 5 2300 9935.19444444445 
141623 14 1 6 2 3 3500 10244.4705882353 
104324 10 4 3 2 4 4600 6601.43434343434 
149942 14 9 9 4 2 1850 9930.26315789474 
105935 10 5 9 3 5 4000 6693.8947368421 
64835 6 4 8 3 5 4100 5094.88372093023 
68155 6 8 1 5 5 3600 5756.77049180328 
76723 7 6 7 2 3 4800 5082.56349206349 
85423 8 5 4 2 3 4550 6100.14285714286 
132845 13 2 8 4 5 3200 8122.75 
139825 13 9 8 2 5 2550 8734.73076923077 
83112 8 3 1 1 2 5150 5494.64705882353 
124155 12 4 1 5 5 3150 7232.84507042254 
49632 4 9 6 3 2 4250 6716.98863636364 
33845 3 3 8 4 5 5050 4758.53548387097 
104935 10 4 9 3 5 4050 6986.03125 
69515 6 9 5 1 5 3950 6959.05208333333 
67954 6 7 9 5 4 3400 5707.94957983193 
96425 9 6 4 2 5 3750 6264.87628865979 
47431 4 7 4 3 1 4700 4777.77124183007 
74822 7 4 8 2 2 4950 5530.30769230769 
101411 10 1 4 1 1 5300 6166.34653465346 
105732 10 5 7 3 2 4350 6561.75757575758 
94834 9 4 8 3 4 3650 6340.9693877551 
95511 9 5 5 1 1 4350 6177.46153846154 
37943 3 7 9 4 3 4650 5657.09322033898 
114135 11 4 1 3 5 4000 6665.55294117647 
86313 8 6 3 1 3 4650 5347.86842105263 
123325 12 3 3 2 5 3700 7378.72368421053 
33434 3 3 4 3 4 5500 4436.79012345679 
148421 14 8 4 2 1 2650 9708.20512820513 
134945 13 4 9 4 5 2850 8291.52941176471 
99214 9 9 2 1 4 3600 6926.41489361702 
57315 5 7 3 1 5 5350 4910.12408759124 
103754 10 3 7 5 4 4050 6385.17021276596 
41743 4 1 7 4 3 5100 5198.91428571429 
125551 12 5 5 5 1 3200 7485.43055555556 
39335 3 9 3 3 5 4700 6538.16 
147435 14 7 4 3 5 2450 8228.3 
112715 11 2 7 1 5 4300 6442.78260869565 
47141 4 7 1 4 1 4700 4605.38961038961 
52345 5 2 3 4 5 5500 4899.71126760563 
137835 13 7 8 3 5 2750 8614.56603773585 
66422 6 6 4 2 2 4450 4999.25362318841 
58852 5 8 8 5 2 4400 5939.66935483871 
87552 8 7 5 5 2 3850 6044.43697478992 
116932 11 6 9 3 2 3550 6805.71084337349 
89521 8 9 5 2 1 4050 6399.44329896907 
114631 11 4 6 3 1 4000 7124.05882352941 
92611 9 2 6 1 1 4600 5954.62037037037 
103235 10 3 2 3 5 4600 6751.57731958763 
127155 12 7 1 5 5 2800 7370.04109589041 
61923 6 1 9 2 3 4800 5573.06015037594 
62735 6 2 7 3 5 4500 5272.88888888889 
135944 13 5 9 4 4 2850 8302.43396226415 
82851 8 2 8 5 1 4300 5708.93333333333 
65622 6 5 6 2 2 4550 4956.21276595745 
64812 6 4 8 1 2 4600 5400.1007751938 
145522 14 5 5 2 2 3150 9127.14285714286 
139345 13 9 3 4 5 2500 8496.69230769231 
79743 7 9 7 4 3 3950 6818.59 
98325 9 8 3 2 5 3500 6247.42990654206 
82221 8 2 2 2 1 5150 5762.54954954955 
107723 10 7 7 2 3 4150 6287.90721649485 
79641 7 9 6 4 1 4100 6715.23255813954 
138534 13 8 5 3 4 2850 7916.69387755102 
57611 5 7 6 1 1 5450 4979.86330935252 
58415 5 8 4 1 5 5050 5363.09523809524 
142545 14 2 5 4 5 2950 9009.97297297297 
64234 6 4 2 3 4 4500 5372.28676470588 
148133 14 8 1 3 3 2600 9534.94285714286 
45644 4 5 6 4 4 4550 4817.46308724832 
89433 8 9 4 3 3 3750 6852.04494382022 
65733 6 5 7 3 3 4300 5410.12213740458 
114154 11 4 1 5 4 3700 6250.13483146067 
101345 10 1 3 4 5 4650 6205.16326530612 
79943 7 9 9 4 3 3800 6609 
126353 12 6 3 5 3 3000 7657.32394366197 
62215 6 2 2 1 5 5050 5283.9328358209 
43255 4 3 2 5 5 4750 5042.37062937063 
43143 4 3 1 4 3 5100 5022.81506849315 
44441 4 4 4 4 1 4850 4714.49324324324 
48341 4 8 3 4 1 4400 5538.76984126984 
28834 2 8 8 3 4 5100 5827.37288135593 
136552 13 6 5 5 2 3000 8396.69387755102 
142632 14 2 6 3 2 3250 9380.54054054054 
99144 9 9 1 4 4 3150 6629.22826086957 
87954 8 7 9 5 4 3400 5695.66071428571 
69715 6 9 7 1 5 3800 6864.57471264368 
137924 13 7 9 2 4 2900 8427.11764705882 
33255 3 3 2 5 5 5250 4520.53459119497 
36813 3 6 8 1 3 5350 4269.82926829268 
88835 8 8 8 3 5 3550 5848.70689655172 
39321 3 9 3 2 1 5100 6670.20454545455 
114945 11 4 9 4 5 3350 6712.29885057471 
127331 12 7 3 3 1 3300 7591.01388888889 
64712 6 4 7 1 2 4700 5092.27205882353 
142811 14 2 8 1 1 3450 10013.1081081081 
115225 11 5 2 2 5 4050 7240.38636363636 
63421 6 3 4 2 1 4850 5160.5037037037 
