data dimensionality:  2 
Value of Kmax is: 5
Clustering for K = 2
ATTENTION: Intrinsic dimensionality of your data is less than what is apparent from your data file.  You might get better clustering results after some data conditioning.
Clustering for K = 3
ATTENTION: Intrinsic dimensionality of your data is less than what is apparent from your data file.  You might get better clustering results after some data conditioning.
Clustering for K = 4
ATTENTION: Intrinsic dimensionality of your data is less than what is apparent from your data file.  You might get better clustering results after some data conditioning.
Clustering for K = 5
ATTENTION: Intrinsic dimensionality of your data is less than what is apparent from your data file.  You might get better clustering results after some data conditioning.

Displaying final clusters for best K (= 2) :


Cluster 1 (107 records):
  129852  131633  131655  131845  132231  132514  132845  133211  134343  134853  134932  134945  135133  135331  135624  135814  135944  136443  136552  136735  137333  137343  137612  137752  137833  137835  137924  138354  138514  138534  138824  139345  139431  139441  139521  139654  139825  141141  141623  141724  142112  142143  142214  142545  142551  142611  142632  142713  142811  142915  142923  142942  142952  143341  143411  143414  143422  143442  143445  143533  144135  144334  144445  144521  144545  144552  144615  144621  144723  144833  145345  145413  145451  145522  145541  146125  146411  146414  146921  147322  147435  147515  147522  147532  147631  147632  147644  147855  148133  148145  148222  148335  148414  148421  148623  148734  148825  148942  149135  149433  149442  149512  149534  149642  149731  149741  149942

Cluster 2 (486 records):
  101345  101411  101525  102131  102554  102624  102644  102731  102751  102811  103235  103542  103754  103832  103911  103935  104324  104813  104935  105143  105153  105212  105424  105431  105732  105824  105935  105951  105952  106251  106814  106853  106912  106932  107421  107723  107825  107935  108142  108223  108522  108555  109132  109214  109253  109311  109513  109524  109844  111122  111251  111913  112715  112955  113241  113731  113745  113915  114135  114153  114154  114235  114532  114545  114623  114631  114635  114715  114732  114945  115225  115243  115534  115733  116121  116145  116853  116932  117214  117815  117934  117942  118235  118854  119155  119352  119833  121534  121552  121933  122111  122114  122332  122452  122455  122551  122615  123142  123241  123325  124134  124155  124321  124441  124513  124635  124823  124955  125415  125551  125653  126341  126353  126721  126815  126924  127155  127255  127331  127624  127712  127743  128111  128115  128555  128622  128733  128822  129423  129623  129811  129945  135334  137631  19743  24455  26655  26851  26854  27744  27931  28434  28745  28834  29233  29434  29651  29734  29821  29822  29842  29941  31935  32934  33255  33434  33643  33651  33845  34451  34541  34631  35432  35933  36724  36744  36813  36911  37413  37433  37544  37715  37751  37943  38343  38353  38523  38524  38525  38851  39241  39251  39321  39335  39511  39623  39732  39825  41351  41743  41825  41832  41913  41932  42155  42844  42943  43141  43143  43233  43255  43752  43821  43935  43944  44225  44441  44442  44751  45212  45644  45832  45845  46544  46613  46635  46652  46812  46925  47141  47413  47431  48143  48341  48344  48545  48552  48711  48923  49422  49632  49644  49652  49723  49743  49755  52345  52934  53652  53953  54822  54922  54955  55144  55343  55722  55742  56424  56444  56733  57315  57433  57531  57611  57715  57722  57922  57953  58353  58415  58425  58535  58554  58713  58812  58852  58911  58924  59115  59213  59651  59854  59941  61332  61441  61531  61535  61745  61923  62135  62215  62512  62541  62654  62735  62821  62832  62851  62925  63111  63311  63334  63421  63512  63554  63825  63851  64234  64444  64651  64712  64812  64835  65622  65633  65642  65644  65714  65733  65944  66422  66554  66741  67314  67715  67954  68135  68155  68222  68911  69211  69224  69411  69414  69435  69512  69514  69515  69715  69922  71352  71541  71553  71633  71723  71831  71931  71943  72231  72235  72423  72744  72841  73152  73241  73444  73445  73715  74743  74822  74942  75122  75134  76254  76435  76612  76631  76714  76723  76753  76812  76853  76954  77831  78113  78242  78454  78745  78821  78832  78912  79321  79641  79743  79943  81514  81751  81832  82221  82233  82512  82542  82712  82851  83112  83313  83333  83412  83621  83625  83744  83854  84121  84124  84415  84644  84751  84824  85354  85415  85423  85441  85535  85744  85832  85934  86144  86244  86313  86321  86332  86415  86734  86911  86941  86944  87552  87613  87923  87954  88223  88234  88311  88513  88542  88622  88754  88835  89135  89141  89224  89345  89433  89521  89625  89831  89833  89911  91143  91414  91741  91744  91841  92125  92334  92343  92552  92611  92822  92841  92843  93842  93954  94153  94434  94435  94614  94811  94834  94913  95231  95323  95511  95533  95633  96132  96422  96425  96522  97113  97132  97741  97941  97945  98325  98344  98422  98534  98833  98925  99144  99214  99311  99515  99544  99831


Cluster 1 (107 records):
Cluster center 1: 2909.8131 7997.6947

Cluster 2 (486 records):
Cluster center 2: 4338.3745 5037.5096

Best clustering achieved for K=2 with QoC = 0.242173559806967
QoC values array for different K starting with K=2:  0.242173559806967 0.358807650107749 0.477299791101568 0.586102979304235
Writing cluster 1 to file Cluster1.dat
Writing cluster 2 to file Cluster2.dat
Cluster:   129852 131633 131655 131845 132231 132514 132845 133211 134343 134853 134932 134945 135133 135331 135624 135814 135944 136443 136552 136735 137333 137343 137612 137752 137833 137835 137924 138354 138514 138534 138824 139345 139431 139441 139521 139654 139825 141141 141623 141724 142112 142143 142214 142545 142551 142611 142632 142713 142811 142915 142923 142942 142952 143341 143411 143414 143422 143442 143445 143533 144135 144334 144445 144521 144545 144552 144615 144621 144723 144833 145345 145413 145451 145522 145541 146125 146411 146414 146921 147322 147435 147515 147522 147532 147631 147632 147644 147855 148133 148145 148222 148335 148414 148421 148623 148734 148825 148942 149135 149433 149442 149512 149534 149642 149731 149741 149942

Cluster:   101345 101411 101525 102131 102554 102624 102644 102731 102751 102811 103235 103542 103754 103832 103911 103935 104324 104813 104935 105143 105153 105212 105424 105431 105732 105824 105935 105951 105952 106251 106814 106853 106912 106932 107421 107723 107825 107935 108142 108223 108522 108555 109132 109214 109253 109311 109513 109524 109844 111122 111251 111913 112715 112955 113241 113731 113745 113915 114135 114153 114154 114235 114532 114545 114623 114631 114635 114715 114732 114945 115225 115243 115534 115733 116121 116145 116853 116932 117214 117815 117934 117942 118235 118854 119155 119352 119833 121534 121552 121933 122111 122114 122332 122452 122455 122551 122615 123142 123241 123325 124134 124155 124321 124441 124513 124635 124823 124955 125415 125551 125653 126341 126353 126721 126815 126924 127155 127255 127331 127624 127712 127743 128111 128115 128555 128622 128733 128822 129423 129623 129811 129945 135334 137631 19743 24455 26655 26851 26854 27744 27931 28434 28745 28834 29233 29434 29651 29734 29821 29822 29842 29941 31935 32934 33255 33434 33643 33651 33845 34451 34541 34631 35432 35933 36724 36744 36813 36911 37413 37433 37544 37715 37751 37943 38343 38353 38523 38524 38525 38851 39241 39251 39321 39335 39511 39623 39732 39825 41351 41743 41825 41832 41913 41932 42155 42844 42943 43141 43143 43233 43255 43752 43821 43935 43944 44225 44441 44442 44751 45212 45644 45832 45845 46544 46613 46635 46652 46812 46925 47141 47413 47431 48143 48341 48344 48545 48552 48711 48923 49422 49632 49644 49652 49723 49743 49755 52345 52934 53652 53953 54822 54922 54955 55144 55343 55722 55742 56424 56444 56733 57315 57433 57531 57611 57715 57722 57922 57953 58353 58415 58425 58535 58554 58713 58812 58852 58911 58924 59115 59213 59651 59854 59941 61332 61441 61531 61535 61745 61923 62135 62215 62512 62541 62654 62735 62821 62832 62851 62925 63111 63311 63334 63421 63512 63554 63825 63851 64234 64444 64651 64712 64812 64835 65622 65633 65642 65644 65714 65733 65944 66422 66554 66741 67314 67715 67954 68135 68155 68222 68911 69211 69224 69411 69414 69435 69512 69514 69515 69715 69922 71352 71541 71553 71633 71723 71831 71931 71943 72231 72235 72423 72744 72841 73152 73241 73444 73445 73715 74743 74822 74942 75122 75134 76254 76435 76612 76631 76714 76723 76753 76812 76853 76954 77831 78113 78242 78454 78745 78821 78832 78912 79321 79641 79743 79943 81514 81751 81832 82221 82233 82512 82542 82712 82851 83112 83313 83333 83412 83621 83625 83744 83854 84121 84124 84415 84644 84751 84824 85354 85415 85423 85441 85535 85744 85832 85934 86144 86244 86313 86321 86332 86415 86734 86911 86941 86944 87552 87613 87923 87954 88223 88234 88311 88513 88542 88622 88754 88835 89135 89141 89224 89345 89433 89521 89625 89831 89833 89911 91143 91414 91741 91744 91841 92125 92334 92343 92552 92611 92822 92841 92843 93842 93954 94153 94434 94435 94614 94811 94834 94913 95231 95323 95511 95533 95633 96132 96422 96425 96522 97113 97132 97741 97941 97945 98325 98344 98422 98534 98833 98925 99144 99214 99311 99515 99544 99831

The best value of K: 2
Show below are K on the left and the QoC values on the right
 2  =>  0.242173559806967
 3  =>  0.358807650107749
 4  =>  0.477299791101568
 5  =>  0.586102979304235
